"0000 0000 0010 0000 0000 0000 0110 0101 0000 0000 0110 1000 0000 0000 0101 0100" - block
 64   60   56   52   48   44   40   36   32   28   24   20   16   12   8    4   

"1010 1000 1000 0000 1000 1000 0000 1000 0000 0000 0010 1010 0010 0000 0000 0000" - ipBlock
 64   60   56   52   48   44   40   36   32   28   24   20   16   12   8    4   
 
"1010 1000 1000 0000 1000 1000 0000 1000" - left
 32   28   24   20   16   12   8    4   
  
"0000 0000 0010 1010 0010 0000 0000 0000" - right = subBlock
 32   28   24   20   16   12   8    4   
 
"0000 0000 0000 0000 0000 0000 0000 0001 0101 0100 0001 0000 0000 0000 0000 0000" - expanded
 64   60   56   52   48   44   40   36   32   28   24   20   16   12   8    4   
 
"0000 0000 0000 0000 1100 1110 0111 1000 0101 1110 1010 0010 1011 0111 0101 1101" - roundKey
 64   60   56   52   48   44   40   36   32   28   24   20   16   12   8    4   
 
"0000 0000 0000 0000 1100 1110 0111 1001 0000 1010 1011 0010 1011 0111 0101 1101" - xored
 64   60   56   52   48   44   40   36   32   28   24   20   16   12   8    4   