"1111 0101 0111 0111 0101 0101 0001 1100 0010 1111 0000 0110 0011 0101 0101 1100" - intKey
 64   60   56   52   48   44   40   36   32   28   24   20   16   12   8    4   

"0000 0000 1001 1100 1111 0101 0011 1000 0111 1000 1111 1111 0011 0010 0101 0111" - pKey
 64   60   56   52   48   44   40   36   32   28   24   20   16   12   8    4   

"0000 1001 1100 1111 0101 0011 1000 0111" - lefHalf
 32   28   24   20   16   12   8    4    
 
"0000 0011 1001 1110 1010 0111 0000 1111" - leftHalf rotated
 32   28   24   20   16   12   8    4    
 
"0000 1000 1111 1111 0011 0010 0101 0111" - rightHalf
 32   28   24   20   16   12   8    4  
 
"0000 0001 1111 1110 0110 0100 1010 1111" - rightHalf rotated
 32   28   24   20   16   12   8    4  
 
"0000 0000 0011 1001 1110 1010 0111 0000 1111 0001 1111 1110 0110 0100 1010 1111" - sKey
 64   60   56   52   48   44   40   36   32   28   24   20   16   12   8    4   
 
"0000 0000 0000 0000 1100 1110 0111 1000 0101 1110 1010 0010 1011 0111 0101 1101" - roundKey
 64   60   56   52   48   44   40   36   32   28   24   20   16   12   8    4   
 